out_file1.txt
1 1 0 1 0						      |	11010
0 0 0 1 0						      |	00010
1 1 1 1 0						      |	11110
1 0 0 0 0						      |	10000
1 0 0 0 0						      |	10000
							      |
0 1 0 1 0						      |	01010
0 0 0 0 0						      |	00000
0 0 0 0 0						      |	00000
0 0 0 0 0						      |	00000
1 0 0 0 0						      |	10000
							      |
0 1 0 1 0						      |	01010
0 1 0 0 0						      |	01000
0 1 1 1 0						      |	01110
0 0 0 0 0						      |	00000
1 0 0 0 0						      |	10000
							      |
0 0 0 1 0						      |	00010
0 0 0 0 0						      |	00000
0 0 0 1 0						      |	00010
0 0 0 0 0						      |	00000
1 0 0 0 0						      |	10000
							      |
0 0 0 1 0						      |	00010
0 0 0 1 0						      |	00010
0 0 0 1 0						      |	00010
0 0 0 0 0						      |	00000
1 1 1 1 1						      |	11111
							      >
1 0 1 1 1						      |	10111
1 1 1 1 0						      |	11110
0 1 0 0 1						      |	01001
0 1 1 0 0						      |	01100
0 0 0 0 1						      |	00001
							      |
1 0 1 0 0						      |	10100
1 0 1 0 0						      |	10100
1 0 0 0 1						      |	10001
1 0 0 1 1						      |	10011
0 0 1 1 1						      |	00111
							      |
1 1 0 0 0						      |	11000
0 1 0 0 1						      |	01001
1 0 0 0 0						      |	10000
0 0 0 1 1						      |	00011
0 1 1 0 0						      |	01100
							      |
0 1 1 1 0						      |	01110
1 1 0 1 1						      |	11011
0 1 0 1 1						      |	01011
0 0 1 0 0						      |	00100
0 1 0 1 1						      |	01011
							      |
0 0 1 1 0						      |	00110
0 0 0 0 0						      |	00000
0 1 1 0 1						      |	01101
0 1 1 1 0						      |	01110
0 1 1 1 1						      |	01111
							      >
importMaze Mazes/Solvable3.txt True			      |	importMaze Mazes/Solvable3.txt False
1 1 1 1 1						      |	11111
1 1 1 1 1						      |	11111
1 1 1 1 1						      |	11111
1 1 1 1 1						      |	11111
1 1 1 1 1						      |	11111
							      |
1 1 1 1 1						      |	11111
1 1 1 1 1						      |	11111
1 1 1 1 1						      |	11111
1 1 1 1 1						      |	11111
1 1 1 1 1						      |	11111
							      |
1 1 1 1 1						      |	11111
1 1 1 1 1						      |	11111
1 1 1 1 1						      |	11111
1 1 1 1 1						      |	11111
1 1 1 1 1						      |	11111
							      |
1 1 1 1 1						      |	11111
1 1 1 1 1						      |	11111
1 1 1 1 1						      |	11111
1 1 1 1 1						      |	11111
1 1 1 1 1						      |	11111
							      |
1 1 1 1 1						      |	11111
1 1 1 1 1						      |	11111
1 1 1 1 1						      |	11111
1 1 1 1 1						      |	11111
1 1 1 1 1						      |	11111
							      >
1 1 0 1 0						      |	11010
0 0 0 1 0						      |	00010
1 1 1 1 0						      |	11110
1 0 0 0 0						      |	10000
1 0 0 0 0						      |	10000
							      |
0 1 0 1 0						      |	01010
0 0 0 0 0						      |	00000
0 0 0 0 0						      |	00000
0 0 0 0 0						      |	00000
1 0 0 0 0						      |	10000
							      |
0 1 0 1 0						      |	01010
0 1 0 0 0						      |	01000
0 1 1 1 0						      |	01110
0 0 0 0 0						      |	00000
1 0 0 0 0						      |	10000
							      |
0 0 0 1 0						      |	00010
0 0 0 0 0						      |	00000
0 0 0 1 0						      |	00010
0 0 0 0 0						      |	00000
1 0 0 0 0						      |	10000
							      |
0 0 0 1 0						      |	00010
0 0 0 1 0						      |	00010
0 0 0 1 0						      |	00010
0 0 0 0 0						      |	00000
1 1 1 0 1						      |	11101
							      >
1 0 1 1 1						      |	10111
1 1 1 1 0						      |	11110
0 1 0 0 1						      |	01001
0 1 1 0 0						      |	01100
0 0 0 0 1						      |	00001
							      |
1 0 1 0 0						      |	10100
1 0 1 0 0						      |	10100
1 0 0 0 1						      |	10001
1 0 0 1 1						      |	10011
0 0 1 1 1						      |	00111
							      |
1 1 0 0 0						      |	11000
0 1 0 0 1						      |	01001
1 0 0 0 0						      |	10000
0 0 0 1 1						      |	00011
0 1 1 0 0						      |	01100
							      |
0 1 1 1 0						      |	01110
1 1 0 1 1						      |	11011
0 1 0 1 1						      |	01011
0 0 1 0 0						      |	00100
0 1 0 1 1						      |	01011
							      |
0 0 1 1 0						      |	00110
0 0 0 0 0						      |	00000
0 1 1 0 1						      |	01101
0 1 1 1 0						      |	01110
0 1 1 0 1						      |	01101
							      >
1 1 1 1 1						      |	11111
1 1 1 1 1						      |	11111
1 1 1 1 1						      |	11111
1 1 1 1 1						      |	11111
1 1 1 1 1						      |	11111
							      |
1 1 1 1 1						      |	11111
1 1 1 1 1						      |	11111
1 1 1 1 1						      |	11111
1 1 1 1 1						      |	11111
1 1 1 1 1						      |	11111
							      |
1 1 1 1 1						      |	11111
1 1 1 1 1						      |	11111
1 1 1 1 1						      |	11111
1 1 1 1 1						      |	11111
1 1 1 1 1						      |	11111
							      |
1 1 1 1 1						      |	11111
1 1 1 1 1						      |	11111
1 1 1 1 1						      |	11111
1 1 1 1 1						      |	11111
1 1 1 1 0						      |	11110
							      |
1 1 1 1 1						      |	11111
1 1 1 1 1						      |	11111
1 1 1 1 1						      |	11111
1 1 1 1 0						      |	11110
1 1 1 0 1						      |	11101
							      >
out_file2.txt
1 1 1 1 1						      |	11111
1 1 1 1 1						      |	11111
1 1 1 1 1						      |	11111
1 1 1 1 1						      |	11111
1 1 1 1 1						      |	11111
							      |
1 1 1 1 1						      |	11111
1 1 1 1 1						      |	11111
1 1 1 1 1						      |	11111
1 1 1 1 1						      |	11111
1 1 1 1 1						      |	11111
							      |
1 1 1 1 1						      |	11111
1 1 1 1 1						      |	11111
1 1 1 1 1						      |	11111
1 1 1 1 1						      |	11111
1 1 1 1 1						      |	11111
							      |
1 1 1 1 1						      |	11111
1 1 1 1 1						      |	11111
1 1 1 1 1						      |	11111
1 1 1 1 1						      |	11111
1 1 1 1 1						      |	11111
							      |
1 1 1 1 1						      |	11111
1 1 1 1 1						      |	11111
1 1 1 1 1						      |	11111
1 1 1 1 1						      |	11111
1 1 1 1 1						      |	11111
							      >
1 1 1 1 1						      |	11111
1 1 1 1 1						      |	11111
1 1 1 1 1						      |	11111
1 1 1 1 1						      |	11111
1 1 1 1 1						      |	11111
							      |
1 1 1 1 1						      |	11111
1 1 1 1 1						      |	11111
1 1 1 1 1						      |	11111
1 1 1 1 1						      |	11111
1 1 1 1 1						      |	11111
							      |
1 1 1 1 1						      |	11111
1 1 1 1 1						      |	11111
1 1 1 1 1						      |	11111
1 1 1 1 1						      |	11111
1 1 1 1 1						      |	11111
							      |
1 1 1 1 1						      |	11111
1 1 1 1 1						      |	11111
1 1 1 1 1						      |	11111
1 1 1 1 1						      |	11111
1 1 1 1 1						      |	11111
							      |
1 1 1 1 1						      |	11111
1 1 1 1 1						      |	11111
1 1 1 1 1						      |	11111
1 1 1 1 1						      |	11111
1 1 1 1 1						      |	11111
							      >
1 1 0 1 0						      |	11010
0 0 0 1 0						      |	00010
1 1 1 1 0						      |	11110
1 0 0 0 0						      |	10000
1 0 0 0 0						      |	10000
							      |
0 1 0 1 0						      |	01010
0 0 0 0 0						      |	00000
0 0 0 0 0						      |	00000
0 0 0 0 0						      |	00000
1 0 0 0 0						      |	10000
							      |
0 1 0 1 0						      |	01010
0 1 0 0 0						      |	01000
0 1 1 1 0						      |	01110
0 0 0 0 0						      |	00000
1 0 0 0 0						      |	10000
							      |
0 0 0 1 0						      |	00010
0 0 0 0 0						      |	00000
0 0 0 1 0						      |	00010
0 0 0 0 0						      |	00000
1 0 0 0 0						      |	10000
							      |
0 0 0 1 0						      |	00010
0 0 0 1 0						      |	00010
0 0 0 1 0						      |	00010
0 0 0 0 0						      |	00000
1 1 1 1 1						      |	11111
							      >
1 1 0 1 0						      |	11111
0 0 0 1 0						      |	11111
1 1 1 1 0						      |	11111
1 0 0 0 0						      |	11111
1 0 0 0 0						      |	11111
							      |
0 1 0 1 0						      |	11111
0 0 0 0 0						      |	11111
0 0 0 0 0						      |	11111
0 0 0 0 0						      |	11111
1 0 0 0 0						      |	11111
							      |
0 1 0 1 0						      |	11111
0 1 0 0 0						      |	11111
0 1 1 1 0						      |	11111
0 0 0 0 0						      |	11111
1 0 0 0 0						      |	11111
							      |
0 0 0 1 0						      |	11111
0 0 0 0 0						      |	11111
0 0 0 1 0						      |	11111
0 0 0 0 0						      |	11111
1 0 0 0 0						      |	11111
							      |
0 0 0 1 0						      |	11111
0 0 0 1 0						      |	11111
0 0 0 1 0						      |	11111
0 0 0 0 0						      |	11111
1 1 1 1 1						      |	11111
							      >
importMaze Mazes/Invalid4.txt False			      |	importMaze Mazes/Invalid4.txt True
out_file3.txt
1 1 0 1 0						      |	11010
0 0 0 1 0						      |	00010
1 1 1 1 0						      |	11110
1 0 0 0 0						      |	10000
1 0 0 0 0						      |	10000
							      |
0 1 0 1 0						      |	01010
0 0 0 0 0						      |	00000
0 0 0 0 0						      |	00000
0 0 0 0 0						      |	00000
1 0 0 0 0						      |	10000
							      |
0 1 0 1 0						      |	01010
0 1 0 0 0						      |	01000
0 1 1 1 0						      |	01110
0 0 0 0 0						      |	00000
1 0 0 0 0						      |	10000
							      |
0 0 0 1 0						      |	00010
0 0 0 0 0						      |	00000
0 0 0 1 0						      |	00010
0 0 0 0 0						      |	00000
1 0 0 0 0						      |	10000
							      |
0 0 0 1 0						      |	00010
0 0 0 1 0						      |	00010
0 0 0 1 0						      |	00010
0 0 0 0 0						      |	00000
1 1 1 1 1						      |	11111
							      >
							      >
							      >	solveMaze
							      >	INVALID solution. Maze has been altered from: 
							      >	11010
							      >	00010
							      >	11110
							      >	10000
							      >	10000
							      >
							      >	01010
							      >	00000
							      >	00000
							      >	00000
							      >	10000
							      >
							      >	01010
							      >	01000
							      >	01110
							      >	00000
							      >	10000
							      >
							      >	00010
							      >	00000
							      >	00010
							      >	00000
							      >	10000
							      >
							      >	00010
							      >	00010
							      >	00010
							      >	00000
							      >	11111
							      >
							      >
							      >	...to: 
							      >
							      >	33030
							      >	00030
							      >	33330
							      >	30000
							      >	30000
							      >
							      >	03030
							      >	00000
							      >	00000
							      >	00000
							      >	30000
							      >
							      >	03030
							      >	03000
							      >	03330
							      >	00000
							      >	30000
							      >
							      >	00030
							      >	00000
							      >	00030
							      >	00000
							      >	30000
							      >
							      >	00030
							      >	00030
							      >	00030
							      >	00000
							      >	33333
							      >
solveMaze VALID solution given				      <
1 0 1 1 1						      |	10111
1 1 1 1 0						      |	11110
0 1 0 0 1						      |	01001
0 1 1 0 0						      |	01100
0 0 0 0 1						      |	00001
							      |
1 0 1 0 0						      |	10100
1 0 1 0 0						      |	10100
1 0 0 0 1						      |	10001
1 0 0 1 1						      |	10011
0 0 1 1 1						      |	00111
							      |
1 1 0 0 0						      |	11000
0 1 0 0 1						      |	01001
1 0 0 0 0						      |	10000
0 0 0 1 1						      |	00011
0 1 1 0 0						      |	01100
							      |
0 1 1 1 0						      |	01110
1 1 0 1 1						      |	11011
0 1 0 1 1						      |	01011
0 0 1 0 0						      |	00100
0 1 0 1 1						      |	01011
							      |
0 0 1 1 0						      |	00110
0 0 0 0 0						      |	00000
0 1 1 0 1						      |	01101
0 1 1 1 0						      |	01110
0 1 1 1 1						      |	01111
							      >
							      >
							      >	solveMaze
							      >	INVALID solution. Maze has been altered from: 
							      >	10111
							      >	11110
							      >	01001
							      >	01100
							      >	00001
							      >
							      >	10100
							      >	10100
							      >	10001
							      >	10011
							      >	00111
							      >
							      >	11000
							      >	01001
							      >	10000
							      >	00011
							      >	01100
							      >
							      >	01110
							      >	11011
							      >	01011
							      >	00100
							      >	01011
							      >
							      >	00110
							      >	00000
							      >	01101
							      >	01110
							      >	01111
							      >
							      >
							      >	...to: 
							      >
							      >	30111
							      >	11110
							      >	01002
							      >	01100
							      >	00002
							      >
							      >	30100
							      >	10100
							      >	10002
							      >	10022
							      >	00222
							      >
							      >	33000
							      >	02001
							      >	10000
							      >	00022
							      >	02200
							      >
							      >	03110
							      >	13011
							      >	03011
							      >	00200
							      >	02033
							      >
							      >	00110
							      >	00000
							      >	03201
							      >	03330
							      >	03333
							      >
solveMaze VALID solution given				      |	importMaze Mazes/Solvable3.txt False
importMaze Mazes/Solvable3.txt True			      <
1 1 1 1 1						      |	11111
1 1 1 1 1						      |	11111
1 1 1 1 1						      |	11111
1 1 1 1 1						      |	11111
1 1 1 1 1						      |	11111
							      |
1 1 1 1 1						      |	11111
1 1 1 1 1						      |	11111
1 1 1 1 1						      |	11111
1 1 1 1 1						      |	11111
1 1 1 1 1						      |	11111
							      |
1 1 1 1 1						      |	11111
1 1 1 1 1						      |	11111
1 1 1 1 1						      |	11111
1 1 1 1 1						      |	11111
1 1 1 1 1						      |	11111
							      |
1 1 1 1 1						      |	11111
1 1 1 1 1						      |	11111
1 1 1 1 1						      |	11111
1 1 1 1 1						      |	11111
1 1 1 1 1						      |	11111
							      |
1 1 1 1 1						      |	11111
1 1 1 1 1						      |	11111
1 1 1 1 1						      |	11111
1 1 1 1 1						      |	11111
1 1 1 1 1						      |	11111
							      >
							      >
							      >	solveMaze
							      >	INVALID solution. Maze has been altered from: 
							      >	11111
							      >	11111
							      >	11111
							      >	11111
							      >	11111
							      >
							      >	11111
							      >	11111
							      >	11111
							      >	11111
							      >	11111
							      >
							      >	11111
							      >	11111
							      >	11111
							      >	11111
							      >	11111
							      >
							      >	11111
							      >	11111
							      >	11111
							      >	11111
							      >	11111
							      >
							      >	11111
							      >	11111
							      >	11111
							      >	11111
							      >	11111
							      >
							      >
							      >	...to: 
							      >
							      >	33333
							      >	33333
							      >	33333
							      >	33333
							      >	33333
							      >
							      >	33333
							      >	33333
							      >	33333
							      >	33333
							      >	33333
							      >
							      >	33333
							      >	33333
							      >	33333
							      >	33333
							      >	33333
							      >
							      >	33333
							      >	33333
							      >	33333
							      >	33333
							      >	33333
							      >
							      >	33333
							      >	33333
							      >	33333
							      >	33333
							      >	33333
							      >
solveMaze VALID solution given				      <
out_file4.txt
solveMaze Maze has no valid solution			      |	solveMaze
							      >	INVALID solution. Maze has been altered from: 
							      >	11010
							      >	00010
							      >	11110
							      >	10000
							      >	10000
							      >
							      >	01010
							      >	00000
							      >	00000
							      >	00000
							      >	10000
							      >
							      >	01010
							      >	01000
							      >	01110
							      >	00000
							      >	10000
							      >
							      >	00010
							      >	00000
							      >	00010
							      >	00000
							      >	10000
							      >
							      >	00010
							      >	00010
							      >	00010
							      >	00000
							      >	11101
							      >
							      >
							      >	...to: 
							      >
							      >	22020
							      >	00020
							      >	22220
							      >	20000
							      >	20000
							      >
							      >	02020
							      >	00000
							      >	00000
							      >	00000
							      >	20000
							      >
							      >	02020
							      >	02000
							      >	02220
							      >	00000
							      >	20000
							      >
							      >	00020
							      >	00000
							      >	00020
							      >	00000
							      >	20000
							      >
							      >	00020
							      >	00020
							      >	00020
							      >	00000
							      >	22201
							      >
							      >
solveMaze Maze has no valid solution			      |	solveMaze
							      >	INVALID solution. Maze has been altered from: 
							      >	10111
							      >	11110
							      >	01001
							      >	01100
							      >	00001
							      >
							      >	10100
							      >	10100
							      >	10001
							      >	10011
							      >	00111
							      >
							      >	11000
							      >	01001
							      >	10000
							      >	00011
							      >	01100
							      >
							      >	01110
							      >	11011
							      >	01011
							      >	00100
							      >	01011
							      >
							      >	00110
							      >	00000
							      >	01101
							      >	01110
							      >	01101
							      >
							      >
							      >	...to: 
							      >
							      >	20222
							      >	22220
							      >	02002
							      >	02200
							      >	00002
							      >
							      >	20200
							      >	20200
							      >	20002
							      >	20022
							      >	00222
							      >
							      >	22000
							      >	02002
							      >	20000
							      >	00022
							      >	02200
							      >
							      >	02220
							      >	22022
							      >	02022
							      >	00200
							      >	02011
							      >
							      >	00220
							      >	00000
							      >	02202
							      >	02220
							      >	02201
							      >
							      >
solveMaze Maze has no valid solution			      |	solveMaze
							      >	INVALID solution. Maze has been altered from: 
							      >	11111
							      >	11111
							      >	11111
							      >	11111
							      >	11111
							      >
							      >	11111
							      >	11111
							      >	11111
							      >	11111
							      >	11111
							      >
							      >	11111
							      >	11111
							      >	11111
							      >	11111
							      >	11111
							      >
							      >	11111
							      >	11111
							      >	11111
							      >	11111
							      >	11110
							      >
							      >	11111
							      >	11111
							      >	11111
							      >	11110
							      >	11101
							      >
							      >
							      >	...to: 
							      >
							      >	22222
							      >	22222
							      >	22222
							      >	22222
							      >	22222
							      >
							      >	22222
							      >	22222
							      >	22222
							      >	22222
							      >	22222
							      >
							      >	22222
							      >	22222
							      >	22222
							      >	22222
							      >	22222
							      >
							      >	22222
							      >	22222
							      >	22222
							      >	22222
							      >	22220
							      >
							      >	22222
							      >	22222
							      >	22222
							      >	22220
							      >	22201
							      >
							      >
