toString
11111
11111
11111
11111
11111

11111
11111
11111
11111
11111

11111
11111
11111
11111
11111

11111
11111
11111
11111
11111

11111
11111
11111
11111
11111


importMaze Mazes/Invalid1.txt True
toString
11111
11111
11111
11111
11111

11111
11111
11111
11111
11111

11111
11111
11111
11111
11111

11111
11111
11111
11111
11111

11111
11111
11111
11111
11111


importMaze Mazes/Solvable1.txt False
toString
11010
00010
11110
10000
10000

00000
01010
00000
00000
00000

10000
00000
01010
01000
01110

00000
10000
00000
00010
00000

00010
00000
10000
00000
00010


importMaze Mazes/Invalid2.txt True
toString
11111
11111
11111
11111
11111

11111
11111
11111
11111
11111

11111
11111
11111
11111
11111

11111
11111
11111
11111
11111

11111
11111
11111
11111
11111


importMaze Mazes/Invalid3.txt True
importMaze Mazes/Invalid4.txt True
importMaze Mazes/Invalid5.txt False
importMaze Mazes/Nonexistant.txt False
