importMaze Mazes/Solvable1.txt False
toString 
11010
00010
11110
10000
10000

00000
01010
00000
00000
00000

10000
00000
01010
01000
01110

00000
10000
00000
00010
00000

00010
00000
10000
00000
00010


importMaze Mazes/Solvable2.txt False
toString
10111
11110
01001
01100
00001

11111
10100
10100
10001
10011

00111
11111
11000
01001
10000

00011
01100
00000
01110
11011

01011
00100
01011
11111
00110


importMaze Mazes/Solvable3.txt True
toString
11111
11111
11111
11111
11111

11111
11111
11111
11111
11111

11111
11111
11111
11111
11111

11111
11111
11111
11111
11111

11111
11111
11111
11111
11111


importMaze Mazes/Unsolvable1.txt False
toString
11010
00010
11110
10000
10000

00000
01010
00000
00000
00000

10000
00000
01010
01000
01110

00000
10000
00000
00010
00000

00010
00000
10000
00000
00010


importMaze Mazes/Unsolvable2.txt False
toString
10111
11110
01001
01100
00001

11111
10100
10100
10001
10011

00111
11111
11000
01001
10000

00011
01100
00000
01110
11011

01011
00100
01011
11111
00110


importMaze Mazes/Unsolvable3.txt True
toString
11111
11111
11111
11111
11111

11111
11111
11111
11111
11111

11111
11111
11111
11111
11111

11111
11111
11111
11111
11111

11111
11111
11110
00000
11111


