createRandomMaze
31320
31301
30000
03110
03101

20333
00300
33300
33000
33100

22003
02002
30002
30102
33022

00203
00233
20010
00100
01020

10020
13330
03000
13100
03001


INVALID path given, path must begin at cell (0, 0, 0)
Path Given:
(4,4)
(4,3)
(4,2)
(4,1)
(4,1)
(4,1)
(3,1)
(3,1)
(3,0)
(2,0)
(1,0)
(1,0)
(1,0)
(0,0)
(0,1)
(1,1)
(1,2)
(1,2)
(1,3)
(0,3)
(0,4)
(1,4)
(2,4)
(2,4)
(1,4)
(1,3)
(2,3)
(2,2)
(1,2)
(0,2)
(0,1)
(0,0)

createRandomMaze
30100
13100
03131
03330
10100

33011
03000
03030
13331
10011

00101
00011
13030
13330
11001

10110
10000
10330
10330
11000

10111
11101
10020
00031
01031


INVALID path given, path must begin at cell (0, 0, 0)
Path Given:
(4,4)
(4,3)
(4,2)
(4,1)
(4,1)
(4,1)
(3,1)
(3,1)
(3,0)
(2,0)
(1,0)
(1,0)
(1,0)
(0,0)
(0,1)
(1,1)
(1,2)
(1,2)
(1,3)
(0,3)
(0,4)
(1,4)
(2,4)
(2,4)
(1,4)
(1,3)
(2,3)
(2,2)
(1,2)
(0,2)
(0,1)
(0,0)
(4,4)
(4,3)
(3,3)
(2,3)
(1,3)
(0,3)
(0,2)
(1,2)
(2,2)
(3,2)
(3,2)
(3,3)
(2,3)
(1,3)
(0,3)
(0,3)
(1,3)
(2,3)
(2,2)
(1,2)
(0,2)
(0,1)
(1,1)
(1,0)
(1,0)
(0,0)

createRandomMaze
20001
22200
00222
00000
00222

20220
20002
20202
20202
20002

20220
22200
00200
00202
20022

20222
22000
20222
20002
20000

02220
22000
20002
00100
00001


INVALID path given, path must begin at cell (0, 0, 0)
Path Given:
(4,4)
(4,3)
(4,2)
(4,1)
(4,1)
(4,1)
(3,1)
(3,1)
(3,0)
(2,0)
(1,0)
(1,0)
(1,0)
(0,0)
(0,1)
(1,1)
(1,2)
(1,2)
(1,3)
(0,3)
(0,4)
(1,4)
(2,4)
(2,4)
(1,4)
(1,3)
(2,3)
(2,2)
(1,2)
(0,2)
(0,1)
(0,0)
(4,4)
(4,3)
(3,3)
(2,3)
(1,3)
(0,3)
(0,2)
(1,2)
(2,2)
(3,2)
(3,2)
(3,3)
(2,3)
(1,3)
(0,3)
(0,3)
(1,3)
(2,3)
(2,2)
(1,2)
(0,2)
(0,1)
(1,1)
(1,0)
(1,0)
(0,0)

createRandomMaze
31101
30111
30130
10030
11031

30010
30001
31133
10100
00030

01011
11000
30003
00022
33330

00011
00110
31113
30003
32000

01101
01001
01010
20013
00103


INVALID path given, path must begin at cell (0, 0, 0)
Path Given:
(4,4)
(4,3)
(4,2)
(4,1)
(4,1)
(4,1)
(3,1)
(3,1)
(3,0)
(2,0)
(1,0)
(1,0)
(1,0)
(0,0)
(0,1)
(1,1)
(1,2)
(1,2)
(1,3)
(0,3)
(0,4)
(1,4)
(2,4)
(2,4)
(1,4)
(1,3)
(2,3)
(2,2)
(1,2)
(0,2)
(0,1)
(0,0)
(4,4)
(4,3)
(3,3)
(2,3)
(1,3)
(0,3)
(0,2)
(1,2)
(2,2)
(3,2)
(3,2)
(3,3)
(2,3)
(1,3)
(0,3)
(0,3)
(1,3)
(2,3)
(2,2)
(1,2)
(0,2)
(0,1)
(1,1)
(1,0)
(1,0)
(0,0)
(4,4)
(4,3)
(3,3)
(3,2)
(2,2)
(1,2)
(1,2)
(0,2)
(0,3)
(0,4)
(1,4)
(2,4)
(2,4)
(2,4)
(2,4)
(3,4)
(3,3)
(3,2)
(2,2)
(1,2)
(0,2)
(0,1)
(1,1)
(1,0)
(0,0)

createRandomMaze
33202
00010
10100
02000
22220

03203
11013
10033
00202
20022

03333
00303
03333
03302
00100

03000
10300
10230
13330
13001

13300
00300
10000
00100
03001


INVALID path given, path must begin at cell (0, 0, 0)
Path Given:
(4,4)
(4,3)
(4,2)
(4,1)
(4,1)
(4,1)
(3,1)
(3,1)
(3,0)
(2,0)
(1,0)
(1,0)
(1,0)
(0,0)
(0,1)
(1,1)
(1,2)
(1,2)
(1,3)
(0,3)
(0,4)
(1,4)
(2,4)
(2,4)
(1,4)
(1,3)
(2,3)
(2,2)
(1,2)
(0,2)
(0,1)
(0,0)
(4,4)
(4,3)
(3,3)
(2,3)
(1,3)
(0,3)
(0,2)
(1,2)
(2,2)
(3,2)
(3,2)
(3,3)
(2,3)
(1,3)
(0,3)
(0,3)
(1,3)
(2,3)
(2,2)
(1,2)
(0,2)
(0,1)
(1,1)
(1,0)
(1,0)
(0,0)
(4,4)
(4,3)
(3,3)
(3,2)
(2,2)
(1,2)
(1,2)
(0,2)
(0,3)
(0,4)
(1,4)
(2,4)
(2,4)
(2,4)
(2,4)
(3,4)
(3,3)
(3,2)
(2,2)
(1,2)
(0,2)
(0,1)
(1,1)
(1,0)
(0,0)
(4,4)
(3,4)
(3,3)
(2,3)
(2,2)
(2,2)
(2,3)
(3,3)
(3,3)
(3,2)
(2,2)
(1,2)
(1,2)
(2,2)
(2,1)
(1,1)
(1,0)
(2,0)
(2,0)
(2,0)
(2,1)
(3,1)
(4,1)
(4,0)
(4,0)
(3,0)
(2,0)
(1,0)
(0,0)
(0,0)

createRandomMaze
31110
33111
30010
03332
22022

30011
03110
33100
03032
00030

31001
30111
30000
00100
11131

01101
00000
00011
00010
11030

10100
10111
11001
10100
10131


INVALID path given, path must begin at cell (0, 0, 0)
Path Given:
(4,4)
(4,3)
(4,2)
(4,1)
(4,1)
(4,1)
(3,1)
(3,1)
(3,0)
(2,0)
(1,0)
(1,0)
(1,0)
(0,0)
(0,1)
(1,1)
(1,2)
(1,2)
(1,3)
(0,3)
(0,4)
(1,4)
(2,4)
(2,4)
(1,4)
(1,3)
(2,3)
(2,2)
(1,2)
(0,2)
(0,1)
(0,0)
(4,4)
(4,3)
(3,3)
(2,3)
(1,3)
(0,3)
(0,2)
(1,2)
(2,2)
(3,2)
(3,2)
(3,3)
(2,3)
(1,3)
(0,3)
(0,3)
(1,3)
(2,3)
(2,2)
(1,2)
(0,2)
(0,1)
(1,1)
(1,0)
(1,0)
(0,0)
(4,4)
(4,3)
(3,3)
(3,2)
(2,2)
(1,2)
(1,2)
(0,2)
(0,3)
(0,4)
(1,4)
(2,4)
(2,4)
(2,4)
(2,4)
(3,4)
(3,3)
(3,2)
(2,2)
(1,2)
(0,2)
(0,1)
(1,1)
(1,0)
(0,0)
(4,4)
(3,4)
(3,3)
(2,3)
(2,2)
(2,2)
(2,3)
(3,3)
(3,3)
(3,2)
(2,2)
(1,2)
(1,2)
(2,2)
(2,1)
(1,1)
(1,0)
(2,0)
(2,0)
(2,0)
(2,1)
(3,1)
(4,1)
(4,0)
(4,0)
(3,0)
(2,0)
(1,0)
(0,0)
(0,0)
(4,4)
(3,4)
(2,4)
(1,4)
(1,3)
(0,3)
(0,3)
(0,3)
(1,3)
(1,2)
(1,1)
(0,1)
(0,1)
(0,2)
(1,2)
(2,2)
(2,1)
(2,0)
(1,0)
(0,0)

createRandomMaze
33331
33030
20133
00000
01110

03300
00032
01033
10100
11002

13302
10003
00003
00003
10113

13322
00033
01030
10003
00003

10000
01133
10130
01133
01003


INVALID path given, path must begin at cell (0, 0, 0)
Path Given:
(4,4)
(4,3)
(4,2)
(4,1)
(4,1)
(4,1)
(3,1)
(3,1)
(3,0)
(2,0)
(1,0)
(1,0)
(1,0)
(0,0)
(0,1)
(1,1)
(1,2)
(1,2)
(1,3)
(0,3)
(0,4)
(1,4)
(2,4)
(2,4)
(1,4)
(1,3)
(2,3)
(2,2)
(1,2)
(0,2)
(0,1)
(0,0)
(4,4)
(4,3)
(3,3)
(2,3)
(1,3)
(0,3)
(0,2)
(1,2)
(2,2)
(3,2)
(3,2)
(3,3)
(2,3)
(1,3)
(0,3)
(0,3)
(1,3)
(2,3)
(2,2)
(1,2)
(0,2)
(0,1)
(1,1)
(1,0)
(1,0)
(0,0)
(4,4)
(4,3)
(3,3)
(3,2)
(2,2)
(1,2)
(1,2)
(0,2)
(0,3)
(0,4)
(1,4)
(2,4)
(2,4)
(2,4)
(2,4)
(3,4)
(3,3)
(3,2)
(2,2)
(1,2)
(0,2)
(0,1)
(1,1)
(1,0)
(0,0)
(4,4)
(3,4)
(3,3)
(2,3)
(2,2)
(2,2)
(2,3)
(3,3)
(3,3)
(3,2)
(2,2)
(1,2)
(1,2)
(2,2)
(2,1)
(1,1)
(1,0)
(2,0)
(2,0)
(2,0)
(2,1)
(3,1)
(4,1)
(4,0)
(4,0)
(3,0)
(2,0)
(1,0)
(0,0)
(0,0)
(4,4)
(3,4)
(2,4)
(1,4)
(1,3)
(0,3)
(0,3)
(0,3)
(1,3)
(1,2)
(1,1)
(0,1)
(0,1)
(0,2)
(1,2)
(2,2)
(2,1)
(2,0)
(1,0)
(0,0)
(4,4)
(3,4)
(2,4)
(2,3)
(3,3)
(4,3)
(4,3)
(4,2)
(3,2)
(3,1)
(4,1)
(4,1)
(3,1)
(2,1)
(2,2)
(1,2)
(0,2)
(0,2)
(1,2)
(1,1)
(0,1)
(0,0)
(0,0)
(1,0)
(2,0)
(3,0)
(3,0)
(2,0)
(1,0)
(0,0)
(0,1)
(0,1)
(0,0)

createRandomMaze
33022
03222
33222
33000
03301

00220
03000
33302
30310
00300

20001
33001
30010
33301
03311

01010
00101
11010
00301
10310

11001
11001
01010
00000
00301


INVALID path given, path must begin at cell (0, 0, 0)
Path Given:
(4,4)
(4,3)
(4,2)
(4,1)
(4,1)
(4,1)
(3,1)
(3,1)
(3,0)
(2,0)
(1,0)
(1,0)
(1,0)
(0,0)
(0,1)
(1,1)
(1,2)
(1,2)
(1,3)
(0,3)
(0,4)
(1,4)
(2,4)
(2,4)
(1,4)
(1,3)
(2,3)
(2,2)
(1,2)
(0,2)
(0,1)
(0,0)
(4,4)
(4,3)
(3,3)
(2,3)
(1,3)
(0,3)
(0,2)
(1,2)
(2,2)
(3,2)
(3,2)
(3,3)
(2,3)
(1,3)
(0,3)
(0,3)
(1,3)
(2,3)
(2,2)
(1,2)
(0,2)
(0,1)
(1,1)
(1,0)
(1,0)
(0,0)
(4,4)
(4,3)
(3,3)
(3,2)
(2,2)
(1,2)
(1,2)
(0,2)
(0,3)
(0,4)
(1,4)
(2,4)
(2,4)
(2,4)
(2,4)
(3,4)
(3,3)
(3,2)
(2,2)
(1,2)
(0,2)
(0,1)
(1,1)
(1,0)
(0,0)
(4,4)
(3,4)
(3,3)
(2,3)
(2,2)
(2,2)
(2,3)
(3,3)
(3,3)
(3,2)
(2,2)
(1,2)
(1,2)
(2,2)
(2,1)
(1,1)
(1,0)
(2,0)
(2,0)
(2,0)
(2,1)
(3,1)
(4,1)
(4,0)
(4,0)
(3,0)
(2,0)
(1,0)
(0,0)
(0,0)
(4,4)
(3,4)
(2,4)
(1,4)
(1,3)
(0,3)
(0,3)
(0,3)
(1,3)
(1,2)
(1,1)
(0,1)
(0,1)
(0,2)
(1,2)
(2,2)
(2,1)
(2,0)
(1,0)
(0,0)
(4,4)
(3,4)
(2,4)
(2,3)
(3,3)
(4,3)
(4,3)
(4,2)
(3,2)
(3,1)
(4,1)
(4,1)
(3,1)
(2,1)
(2,2)
(1,2)
(0,2)
(0,2)
(1,2)
(1,1)
(0,1)
(0,0)
(0,0)
(1,0)
(2,0)
(3,0)
(3,0)
(2,0)
(1,0)
(0,0)
(0,1)
(0,1)
(0,0)
(4,4)
(3,4)
(3,3)
(2,3)
(1,3)
(1,2)
(1,2)
(0,2)
(0,3)
(0,4)
(0,4)
(1,4)
(2,4)
(2,4)
(2,3)
(2,3)
(1,3)
(0,3)
(0,2)
(1,2)
(2,2)
(2,1)
(2,1)
(1,1)
(0,1)
(0,0)
(0,0)

createRandomMaze
30200
03302
20322
20302
33302

30200
33000
02030
20032
30022

00220
33200
02033
30030
32200

30000
33000
02003
33333
00333

33000
03010
22003
00013
00003


INVALID path given, path must begin at cell (0, 0, 0)
Path Given:
(4,4)
(4,3)
(4,2)
(4,1)
(4,1)
(4,1)
(3,1)
(3,1)
(3,0)
(2,0)
(1,0)
(1,0)
(1,0)
(0,0)
(0,1)
(1,1)
(1,2)
(1,2)
(1,3)
(0,3)
(0,4)
(1,4)
(2,4)
(2,4)
(1,4)
(1,3)
(2,3)
(2,2)
(1,2)
(0,2)
(0,1)
(0,0)
(4,4)
(4,3)
(3,3)
(2,3)
(1,3)
(0,3)
(0,2)
(1,2)
(2,2)
(3,2)
(3,2)
(3,3)
(2,3)
(1,3)
(0,3)
(0,3)
(1,3)
(2,3)
(2,2)
(1,2)
(0,2)
(0,1)
(1,1)
(1,0)
(1,0)
(0,0)
(4,4)
(4,3)
(3,3)
(3,2)
(2,2)
(1,2)
(1,2)
(0,2)
(0,3)
(0,4)
(1,4)
(2,4)
(2,4)
(2,4)
(2,4)
(3,4)
(3,3)
(3,2)
(2,2)
(1,2)
(0,2)
(0,1)
(1,1)
(1,0)
(0,0)
(4,4)
(3,4)
(3,3)
(2,3)
(2,2)
(2,2)
(2,3)
(3,3)
(3,3)
(3,2)
(2,2)
(1,2)
(1,2)
(2,2)
(2,1)
(1,1)
(1,0)
(2,0)
(2,0)
(2,0)
(2,1)
(3,1)
(4,1)
(4,0)
(4,0)
(3,0)
(2,0)
(1,0)
(0,0)
(0,0)
(4,4)
(3,4)
(2,4)
(1,4)
(1,3)
(0,3)
(0,3)
(0,3)
(1,3)
(1,2)
(1,1)
(0,1)
(0,1)
(0,2)
(1,2)
(2,2)
(2,1)
(2,0)
(1,0)
(0,0)
(4,4)
(3,4)
(2,4)
(2,3)
(3,3)
(4,3)
(4,3)
(4,2)
(3,2)
(3,1)
(4,1)
(4,1)
(3,1)
(2,1)
(2,2)
(1,2)
(0,2)
(0,2)
(1,2)
(1,1)
(0,1)
(0,0)
(0,0)
(1,0)
(2,0)
(3,0)
(3,0)
(2,0)
(1,0)
(0,0)
(0,1)
(0,1)
(0,0)
(4,4)
(3,4)
(3,3)
(2,3)
(1,3)
(1,2)
(1,2)
(0,2)
(0,3)
(0,4)
(0,4)
(1,4)
(2,4)
(2,4)
(2,3)
(2,3)
(1,3)
(0,3)
(0,2)
(1,2)
(2,2)
(2,1)
(2,1)
(1,1)
(0,1)
(0,0)
(0,0)
(4,4)
(3,4)
(3,3)
(4,3)
(4,2)
(3,2)
(2,2)
(2,2)
(1,2)
(1,3)
(2,3)
(3,3)
(3,4)
(3,4)
(3,3)
(3,3)
(3,3)
(2,3)
(2,4)
(1,4)
(0,4)
(0,4)
(0,4)
(0,3)
(0,2)
(0,1)
(0,1)
(1,1)
(2,1)
(3,1)
(4,1)
(4,0)
(4,0)
(3,0)
(3,1)
(2,1)
(1,1)
(1,0)
(0,0)

createRandomMaze
32010
10201
00200
30011
32001

33010
00201
30220
32201
33000

03010
00001
33030
00030
03310

03001
03330
13332
10333
10313

10000
02002
00202
11033
10003


INVALID path given, path must begin at cell (0, 0, 0)
Path Given:
(4,4)
(4,3)
(4,2)
(4,1)
(4,1)
(4,1)
(3,1)
(3,1)
(3,0)
(2,0)
(1,0)
(1,0)
(1,0)
(0,0)
(0,1)
(1,1)
(1,2)
(1,2)
(1,3)
(0,3)
(0,4)
(1,4)
(2,4)
(2,4)
(1,4)
(1,3)
(2,3)
(2,2)
(1,2)
(0,2)
(0,1)
(0,0)
(4,4)
(4,3)
(3,3)
(2,3)
(1,3)
(0,3)
(0,2)
(1,2)
(2,2)
(3,2)
(3,2)
(3,3)
(2,3)
(1,3)
(0,3)
(0,3)
(1,3)
(2,3)
(2,2)
(1,2)
(0,2)
(0,1)
(1,1)
(1,0)
(1,0)
(0,0)
(4,4)
(4,3)
(3,3)
(3,2)
(2,2)
(1,2)
(1,2)
(0,2)
(0,3)
(0,4)
(1,4)
(2,4)
(2,4)
(2,4)
(2,4)
(3,4)
(3,3)
(3,2)
(2,2)
(1,2)
(0,2)
(0,1)
(1,1)
(1,0)
(0,0)
(4,4)
(3,4)
(3,3)
(2,3)
(2,2)
(2,2)
(2,3)
(3,3)
(3,3)
(3,2)
(2,2)
(1,2)
(1,2)
(2,2)
(2,1)
(1,1)
(1,0)
(2,0)
(2,0)
(2,0)
(2,1)
(3,1)
(4,1)
(4,0)
(4,0)
(3,0)
(2,0)
(1,0)
(0,0)
(0,0)
(4,4)
(3,4)
(2,4)
(1,4)
(1,3)
(0,3)
(0,3)
(0,3)
(1,3)
(1,2)
(1,1)
(0,1)
(0,1)
(0,2)
(1,2)
(2,2)
(2,1)
(2,0)
(1,0)
(0,0)
(4,4)
(3,4)
(2,4)
(2,3)
(3,3)
(4,3)
(4,3)
(4,2)
(3,2)
(3,1)
(4,1)
(4,1)
(3,1)
(2,1)
(2,2)
(1,2)
(0,2)
(0,2)
(1,2)
(1,1)
(0,1)
(0,0)
(0,0)
(1,0)
(2,0)
(3,0)
(3,0)
(2,0)
(1,0)
(0,0)
(0,1)
(0,1)
(0,0)
(4,4)
(3,4)
(3,3)
(2,3)
(1,3)
(1,2)
(1,2)
(0,2)
(0,3)
(0,4)
(0,4)
(1,4)
(2,4)
(2,4)
(2,3)
(2,3)
(1,3)
(0,3)
(0,2)
(1,2)
(2,2)
(2,1)
(2,1)
(1,1)
(0,1)
(0,0)
(0,0)
(4,4)
(3,4)
(3,3)
(4,3)
(4,2)
(3,2)
(2,2)
(2,2)
(1,2)
(1,3)
(2,3)
(3,3)
(3,4)
(3,4)
(3,3)
(3,3)
(3,3)
(2,3)
(2,4)
(1,4)
(0,4)
(0,4)
(0,4)
(0,3)
(0,2)
(0,1)
(0,1)
(1,1)
(2,1)
(3,1)
(4,1)
(4,0)
(4,0)
(3,0)
(3,1)
(2,1)
(1,1)
(1,0)
(0,0)
(4,4)
(3,4)
(3,3)
(4,3)
(4,3)
(3,3)
(2,3)
(2,2)
(3,2)
(3,1)
(3,1)
(3,2)
(3,3)
(3,4)
(2,4)
(2,4)
(1,4)
(1,4)
(0,4)
(0,3)
(1,3)
(1,2)
(2,2)
(2,2)
(3,2)
(3,1)
(3,0)
(2,0)
(1,0)
(1,0)
(0,0)

