importMaze Mazes/Solvable1.txt False
toString
11010
00010
11110
10000
10000

00000
01010
00000
00000
00000

10000
00000
01010
01000
01110

00000
10000
00000
00010
00000

00010
00000
10000
00000
00010


solveMaze
INVALID solution. Maze has been altered from: 
11010
00010
11110
10000
10000

00000
01010
00000
00000
00000

10000
00000
01010
01000
01110

00000
10000
00000
00010
00000

00010
00000
10000
00000
00010


...to: 

22010
00010
11110
10000
10000

00000
01010
00000
00000
00000

10000
00000
01010
01000
01110

00000
10000
00000
00010
00000

00010
00000
10000
00000
00010


importMaze Mazes/Solvable2.txt False
toString
10111
11110
01001
01100
00001

11111
10100
10100
10001
10011

00111
11111
11000
01001
10000

00011
01100
00000
01110
11011

01011
00100
01011
11111
00110


solveMaze
INVALID solution. Maze has been altered from: 
10111
11110
01001
01100
00001

11111
10100
10100
10001
10011

00111
11111
11000
01001
10000

00011
01100
00000
01110
11011

01011
00100
01011
11111
00110


...to: 

30111
33310
02001
02200
00001

31111
30300
10100
10001
10011

00111
13311
13000
03001
10000

00011
03300
00000
03330
11011

01011
00200
02022
13332
00130


importMaze Mazes/Solvable3.txt True
toString
11111
11111
11111
11111
11111

11111
11111
11111
11111
11111

11111
11111
11111
11111
11111

11111
11111
11111
11111
11111

11111
11111
11111
11111
11111


solveMaze
INVALID solution. Maze has been altered from: 
11111
11111
11111
11111
11111

11111
11111
11111
11111
11111

11111
11111
11111
11111
11111

11111
11111
11111
11111
11111

11111
11111
11111
11111
11111


...to: 

31111
31111
31111
31111
31111

31111
31111
31111
31111
31111

31111
31111
31111
31111
31111

31111
31111
31111
31111
31111

31111
31111
31111
31111
31111


